3
291
574
675
-1
-1
-1
156
224
540
608
682
-1
-1
0
197
264
581
648
-1
-1
5
305
655
689
-1
-1
-1
2
183
210
567
594
-1
-1
251
547
601
635
-1
-1
-1
1
4
237
621
-1
-1
-1
170
278
554
628
662
-1
-1
14
125
300
509
673
684
-1
6
147
296
531
680
691
-1
23
98
273
482
646
657
-1
21
102
188
486
572
583
-1
8
143
269
527
653
664
-1
20
107
246
491
619
630
-1
11
18
111
134
495
518
-1
161
242
545
556
626
637
-1
17
116
219
500
592
603
-1
9
15
120
138
504
522
-1
165
215
538
549
599
610
-1
12
129
192
513
565
576
-1
7
152
174
529
536
558
-1
10
179
201
520
563
585
-1
13
206
228
511
590
612
-1
16
233
255
502
617
639
-1
19
260
282
493
644
666
-1
22
287
309
484
671
693
-1
53
297
341
681
685
725
-1
78
308
366
688
692
750
-1
95
261
383
645
649
767
-1
30
191
318
571
575
702
-1
71
281
359
661
665
743
-1
92
234
380
618
622
764
-1
39
62
327
350
711
734
-1
164
254
544
548
634
638
-1
89
207
377
591
595
761
-1
48
81
336
369
720
753
-1
153
227
537
541
607
611
-1
57
180
345
564
568
729
-1
86
288
374
672
676
758
-1
75
299
363
679
683
747
-1
26
270
314
654
658
698
-1
93
200
381
580
584
765
-1
80
272
368
652
656
752
-1
35
243
323
627
631
707
-1
83
90
371
378
755
762
-1
173
245
553
557
625
629
-1
44
216
332
600
604
716
-1
66
87
354
375
738
759
-1
162
218
546
550
598
602
-1
84
189
372
573
577
756
-1
77
144
365
528
532
749
-1
74
171
362
555
559
746
-1
72
155
360
535
539
744
-1
69
146
357
526
530
741
-1
68
135
356
519
523
740
-1
65
198
353
582
586
737
-1
63
182
351
562
566
735
-1
60
137
348
517
521
732
-1
59
126
347
510
514
731
-1
56
225
344
609
613
728
-1
54
209
342
589
593
726
-1
51
128
339
508
512
723
-1
50
117
338
501
505
722
-1
47
252
335
636
640
719
-1
45
236
333
616
620
717
-1
42
119
330
499
503
714
-1
41
108
329
492
496
713
-1
38
279
326
663
667
710
-1
36
263
324
643
647
708
-1
33
110
321
490
494
705
-1
32
99
320
483
487
704
-1
29
306
317
690
694
701
-1
27
290
315
670
674
699
-1
24
101
312
481
485
696
-1
25
303
311
687
695
697
-1
28
294
302
678
686
700
-1
31
285
293
669
677
703
-1
34
276
284
660
668
706
-1
37
267
275
651
659
709
-1
40
258
266
642
650
712
-1
43
249
257
633
641
715
-1
46
240
248
624
632
718
-1
49
231
239
615
623
721
-1
52
222
230
606
614
724
-1
55
213
221
597
605
727
-1
58
204
212
588
596
730
-1
61
195
203
579
587
733
-1
64
186
194
570
578
736
-1
67
177
185
561
569
739
-1
70
168
176
552
560
742
-1
73
159
167
543
551
745
-1
76
150
158
534
542
748
-1
79
141
149
525
533
751
-1
82
132
140
516
524
754
-1
85
123
131
507
515
757
-1
88
114
122
498
506
760
-1
91
105
113
489
497
763
-1
94
96
104
480
488
766
-1
53
224
298
437
681
682
-1
5
304
366
389
688
689
-1
0
265
383
384
648
649
-1
30
190
291
414
574
575
-1
71
170
277
455
661
662
-1
1
238
380
385
621
622
-1
39
62
197
264
423
446
-1
163
250
547
548
634
635
-1
2
211
377
386
594
595
-1
4
48
237
369
388
432
-1
157
223
540
541
607
608
-1
57
184
210
441
567
568
-1
86
125
289
470
672
673
-1
6
295
363
390
679
680
-1
23
274
314
407
657
658
-1
93
102
199
477
583
584
-1
80
143
268
464
652
653
-1
20
247
323
404
630
631
-1
83
90
111
134
467
474
-1
172
241
556
557
625
626
-1
17
220
332
401
603
604
-1
9
87
120
354
393
471
-1
166
214
549
550
598
599
-1
84
129
193
468
576
577
-1
6
148
365
390
531
532
-1
7
175
362
391
558
559
-1
72
154
165
456
538
539
-1
69
145
174
453
529
530
-1
9
139
356
393
522
523
-1
10
202
353
394
585
586
-1
63
181
192
447
565
566
-1
60
136
201
444
520
521
-1
12
130
347
396
513
514
-1
13
229
344
397
612
613
-1
54
208
219
438
592
593
-1
51
127
228
435
511
512
-1
15
121
338
399
504
505
-1
16
256
335
400
639
640
-1
45
235
246
429
619
620
-1
42
118
255
426
502
503
-1
18
112
329
402
495
496
-1
19
283
326
403
666
667
-1
36
262
273
420
646
647
-1
33
109
282
417
493
494
-1
21
103
320
405
486
487
-1
22
310
317
406
693
694
-1
27
289
300
411
673
674
-1
24
100
309
408
484
485
-1
14
301
341
398
684
685
-1
78
147
307
462
691
692
-1
95
98
262
479
645
646
-1
21
187
318
405
571
572
-1
8
280
359
392
664
665
-1
92
107
235
476
618
619
-1
11
18
327
350
395
402
-1
160
253
544
545
637
638
-1
89
116
208
473
591
592
-1
15
81
138
336
399
465
-1
154
226
537
538
610
611
-1
12
181
345
396
564
565
-1
3
292
374
387
675
676
-1
75
156
298
459
682
683
-1
26
271
305
410
654
655
-1
0
196
381
384
580
581
-1
5
271
368
389
655
656
-1
35
244
278
419
627
628
-1
1
4
371
378
385
388
-1
169
244
553
554
628
629
-1
44
217
251
428
600
601
-1
2
66
183
375
386
450
-1
163
217
546
547
601
602
-1
3
190
372
387
573
574
-1
77
145
152
461
528
529
-1
74
161
172
458
555
556
-1
7
151
360
391
535
536
-1
8
142
357
392
526
527
-1
68
136
179
452
519
520
-1
65
188
199
449
582
583
-1
10
178
351
394
562
563
-1
11
133
348
395
517
518
-1
59
127
206
443
510
511
-1
56
215
226
440
609
610
-1
13
205
342
397
589
590
-1
14
124
339
398
508
509
-1
50
118
233
434
501
502
-1
47
242
253
431
636
637
-1
16
232
333
400
616
617
-1
17
115
330
401
499
500
-1
41
109
260
425
492
493
-1
38
269
280
422
663
664
-1
19
259
324
403
643
644
-1
20
106
321
404
490
491
-1
32
100
287
416
483
484
-1
29
296
307
413
690
691
-1
22
286
315
406
670
671
-1
23
97
312
407
481
482
-1
24
311
313
408
696
697
-1
25
304
308
409
687
688
-1
25
306
310
409
694
695
-1
26
303
313
410
697
698
-1
27
302
316
411
699
700
-1
28
295
299
412
678
679
-1
28
297
301
412
685
686
-1
29
294
316
413
700
701
-1
30
293
319
414
702
703
-1
31
286
290
415
669
670
-1
31
288
292
415
676
677
-1
32
285
319
416
703
704
-1
33
284
322
417
705
706
-1
34
277
281
418
660
661
-1
34
279
283
418
667
668
-1
35
276
322
419
706
707
-1
36
275
325
420
708
709
-1
37
268
272
421
651
652
-1
37
270
274
421
658
659
-1
38
267
325
422
709
710
-1
39
266
328
423
711
712
-1
40
259
263
424
642
643
-1
40
261
265
424
649
650
-1
41
258
328
425
712
713
-1
42
257
331
426
714
715
-1
43
250
254
427
633
634
-1
43
252
256
427
640
641
-1
44
249
331
428
715
716
-1
45
248
334
429
717
718
-1
46
241
245
430
624
625
-1
46
243
247
430
631
632
-1
47
240
334
431
718
719
-1
48
239
337
432
720
721
-1
49
232
236
433
615
616
-1
49
234
238
433
622
623
-1
50
231
337
434
721
722
-1
51
230
340
435
723
724
-1
52
223
227
436
606
607
-1
52
225
229
436
613
614
-1
53
222
340
437
724
725
-1
54
221
343
438
726
727
-1
55
214
218
439
597
598
-1
55
216
220
439
604
605
-1
56
213
343
440
727
728
-1
57
212
346
441
729
730
-1
58
205
209
442
588
589
-1
58
207
211
442
595
596
-1
59
204
346
443
730
731
-1
60
203
349
444
732
733
-1
61
196
200
445
579
580
-1
61
198
202
445
586
587
-1
62
195
349
446
733
734
-1
63
194
352
447
735
736
-1
64
187
191
448
570
571
-1
64
189
193
448
577
578
-1
65
186
352
449
736
737
-1
66
185
355
450
738
739
-1
67
178
182
451
561
562
-1
67
180
184
451
568
569
-1
68
177
355
452
739
740
-1
69
176
358
453
741
742
-1
70
169
173
454
552
553
-1
70
171
175
454
559
560
-1
71
168
358
455
742
743
-1
72
167
361
456
744
745
-1
73
160
164
457
543
544
-1
73
162
166
457
550
551
-1
74
159
361
458
745
746
-1
75
158
364
459
747
748
-1
76
151
155
460
534
535
-1
76
153
157
460
541
542
-1
77
150
364
461
748
749
-1
78
149
367
462
750
751
-1
79
142
146
463
525
526
-1
79
144
148
463
532
533
-1
80
141
367
464
751
752
-1
81
140
370
465
753
754
-1
82
133
137
466
516
517
-1
82
135
139
466
523
524
-1
83
132
370
467
754
755
-1
84
131
373
468
756
757
-1
85
124
128
469
507
508
-1
85
126
130
469
514
515
-1
86
123
373
470
757
758
-1
87
122
376
471
759
760
-1
88
115
119
472
498
499
-1
88
117
121
472
505
506
-1
89
114
376
473
760
761
-1
90
113
379
474
762
763
-1
91
106
110
475
489
490
-1
91
108
112
475
496
497
-1
92
105
379
476
763
764
-1
93
104
382
477
765
766
-1
94
97
101
478
480
481
-1
94
99
103
478
487
488
-1
95
96
382
479
766
767
-1
96
97
98
479
480
482
-1
99
100
101
478
483
485
-1
102
103
104
477
486
488
-1
105
106
107
476
489
491
-1
108
109
110
475
492
494
-1
111
112
113
474
495
497
-1
114
115
116
473
498
500
-1
117
118
119
472
501
503
-1
120
121
122
471
504
506
-1
123
124
125
470
507
509
-1
126
127
128
469
510
512
-1
129
130
131
468
513
515
-1
132
133
134
467
516
518
-1
135
136
137
466
519
521
-1
138
139
140
465
522
524
-1
141
142
143
464
525
527
-1
144
145
146
463
528
530
-1
147
148
149
462
531
533
-1
150
151
152
461
534
536
-1
153
154
155
460
537
539
-1
156
157
158
459
540
542
-1
159
160
161
458
543
545
-1
162
163
164
457
546
548
-1
165
166
167
456
549
551
-1
168
169
170
455
552
554
-1
171
172
173
454
555
557
-1
174
175
176
453
558
560
-1
177
178
179
452
561
563
-1
180
181
182
451
564
566
-1
183
184
185
450
567
569
-1
186
187
188
449
570
572
-1
189
190
191
448
573
575
-1
192
193
194
447
576
578
-1
195
196
197
446
579
581
-1
198
199
200
445
582
584
-1
201
202
203
444
585
587
-1
204
205
206
443
588
590
-1
207
208
209
442
591
593
-1
210
211
212
441
594
596
-1
213
214
215
440
597
599
-1
216
217
218
439
600
602
-1
219
220
221
438
603
605
-1
222
223
224
437
606
608
-1
225
226
227
436
609
611
-1
228
229
230
435
612
614
-1
231
232
233
434
615
617
-1
234
235
236
433
618
620
-1
237
238
239
432
621
623
-1
240
241
242
431
624
626
-1
243
244
245
430
627
629
-1
246
247
248
429
630
632
-1
249
250
251
428
633
635
-1
252
253
254
427
636
638
-1
255
256
257
426
639
641
-1
258
259
260
425
642
644
-1
261
262
263
424
645
647
-1
264
265
266
423
648
650
-1
267
268
269
422
651
653
-1
270
271
272
421
654
656
-1
273
274
275
420
657
659
-1
276
277
278
419
660
662
-1
279
280
281
418
663
665
-1
282
283
284
417
666
668
-1
285
286
287
416
669
671
-1
288
289
290
415
672
674
-1
291
292
293
414
675
677
-1
294
295
296
413
678
680
-1
297
298
299
412
681
683
-1
300
301
302
411
684
686
-1
303
304
305
410
687
689
-1
306
307
308
409
690
692
-1
309
310
311
408
693
695
-1
312
313
314
407
696
698
-1
315
316
317
406
699
701
-1
318
319
320
405
702
704
-1
321
322
323
404
705
707
-1
324
325
326
403
708
710
-1
327
328
329
402
711
713
-1
330
331
332
401
714
716
-1
333
334
335
400
717
719
-1
336
337
338
399
720
722
-1
339
340
341
398
723
725
-1
342
343
344
397
726
728
-1
345
346
347
396
729
731
-1
348
349
350
395
732
734
-1
351
352
353
394
735
737
-1
354
355
356
393
738
740
-1
357
358
359
392
741
743
-1
360
361
362
391
744
746
-1
363
364
365
390
747
749
-1
366
367
368
389
750
752
-1
369
370
371
388
753
755
-1
372
373
374
387
756
758
-1
375
376
377
386
759
761
-1
378
379
380
385
762
764
-1
381
382
383
384
765
767
-1
